{
 "cells": [
  {
   "cell_type": "code",
   "execution_count": 130,
   "metadata": {},
   "outputs": [],
   "source": [
    "import numpy as np\n",
    "from itertools import combinations\n",
    "from sklearn.metrics import adjusted_rand_score\n",
    "import pandas as pd"
   ]
  },
  {
   "cell_type": "code",
   "execution_count": 131,
   "metadata": {},
   "outputs": [
    {
     "data": {
      "text/html": [
       "<div>\n",
       "<style scoped>\n",
       "    .dataframe tbody tr th:only-of-type {\n",
       "        vertical-align: middle;\n",
       "    }\n",
       "\n",
       "    .dataframe tbody tr th {\n",
       "        vertical-align: top;\n",
       "    }\n",
       "\n",
       "    .dataframe thead th {\n",
       "        text-align: right;\n",
       "    }\n",
       "</style>\n",
       "<table border=\"1\" class=\"dataframe\">\n",
       "  <thead>\n",
       "    <tr style=\"text-align: right;\">\n",
       "      <th></th>\n",
       "      <th>Id</th>\n",
       "      <th>SepalLengthCm</th>\n",
       "      <th>SepalWidthCm</th>\n",
       "      <th>PetalLengthCm</th>\n",
       "      <th>PetalWidthCm</th>\n",
       "      <th>Species</th>\n",
       "    </tr>\n",
       "  </thead>\n",
       "  <tbody>\n",
       "    <tr>\n",
       "      <th>0</th>\n",
       "      <td>1</td>\n",
       "      <td>5.1</td>\n",
       "      <td>3.5</td>\n",
       "      <td>1.4</td>\n",
       "      <td>0.2</td>\n",
       "      <td>Iris-setosa</td>\n",
       "    </tr>\n",
       "    <tr>\n",
       "      <th>1</th>\n",
       "      <td>2</td>\n",
       "      <td>4.9</td>\n",
       "      <td>3.0</td>\n",
       "      <td>1.4</td>\n",
       "      <td>0.2</td>\n",
       "      <td>Iris-setosa</td>\n",
       "    </tr>\n",
       "    <tr>\n",
       "      <th>2</th>\n",
       "      <td>3</td>\n",
       "      <td>4.7</td>\n",
       "      <td>3.2</td>\n",
       "      <td>1.3</td>\n",
       "      <td>0.2</td>\n",
       "      <td>Iris-setosa</td>\n",
       "    </tr>\n",
       "    <tr>\n",
       "      <th>3</th>\n",
       "      <td>4</td>\n",
       "      <td>4.6</td>\n",
       "      <td>3.1</td>\n",
       "      <td>1.5</td>\n",
       "      <td>0.2</td>\n",
       "      <td>Iris-setosa</td>\n",
       "    </tr>\n",
       "    <tr>\n",
       "      <th>4</th>\n",
       "      <td>5</td>\n",
       "      <td>5.0</td>\n",
       "      <td>3.6</td>\n",
       "      <td>1.4</td>\n",
       "      <td>0.2</td>\n",
       "      <td>Iris-setosa</td>\n",
       "    </tr>\n",
       "  </tbody>\n",
       "</table>\n",
       "</div>"
      ],
      "text/plain": [
       "   Id  SepalLengthCm  SepalWidthCm  PetalLengthCm  PetalWidthCm      Species\n",
       "0   1            5.1           3.5            1.4           0.2  Iris-setosa\n",
       "1   2            4.9           3.0            1.4           0.2  Iris-setosa\n",
       "2   3            4.7           3.2            1.3           0.2  Iris-setosa\n",
       "3   4            4.6           3.1            1.5           0.2  Iris-setosa\n",
       "4   5            5.0           3.6            1.4           0.2  Iris-setosa"
      ]
     },
     "execution_count": 131,
     "metadata": {},
     "output_type": "execute_result"
    }
   ],
   "source": [
    "df = pd.read_csv('Iris.csv')\n",
    "df.head()"
   ]
  },
  {
   "cell_type": "code",
   "execution_count": 132,
   "metadata": {},
   "outputs": [
    {
     "data": {
      "text/plain": [
       "array(['Iris-setosa', 'Iris-versicolor', 'Iris-virginica'], dtype=object)"
      ]
     },
     "execution_count": 132,
     "metadata": {},
     "output_type": "execute_result"
    }
   ],
   "source": [
    "df[\"Species\"].unique()"
   ]
  },
  {
   "cell_type": "code",
   "execution_count": 133,
   "metadata": {},
   "outputs": [
    {
     "data": {
      "text/plain": [
       "Index(['Id', 'SepalLengthCm', 'SepalWidthCm', 'PetalLengthCm', 'PetalWidthCm',\n",
       "       'Species'],\n",
       "      dtype='object')"
      ]
     },
     "execution_count": 133,
     "metadata": {},
     "output_type": "execute_result"
    }
   ],
   "source": [
    "df.columns"
   ]
  },
  {
   "cell_type": "code",
   "execution_count": 134,
   "metadata": {},
   "outputs": [
    {
     "name": "stderr",
     "output_type": "stream",
     "text": [
      "D:\\Users\\tcca\\AppData\\Local\\Temp\\ipykernel_15388\\3889656612.py:2: FutureWarning: A value is trying to be set on a copy of a DataFrame or Series through chained assignment using an inplace method.\n",
      "The behavior will change in pandas 3.0. This inplace method will never work because the intermediate object on which we are setting values always behaves as a copy.\n",
      "\n",
      "For example, when doing 'df[col].method(value, inplace=True)', try using 'df.method({col: value}, inplace=True)' or df[col] = df[col].method(value) instead, to perform the operation inplace on the original object.\n",
      "\n",
      "\n",
      "  df[\"Species\"].replace({\"Iris-setosa\": 0, \"Iris-versicolor\": 1, \"Iris-virginica\": 2}, inplace=True)\n",
      "D:\\Users\\tcca\\AppData\\Local\\Temp\\ipykernel_15388\\3889656612.py:2: FutureWarning: Downcasting behavior in `replace` is deprecated and will be removed in a future version. To retain the old behavior, explicitly call `result.infer_objects(copy=False)`. To opt-in to the future behavior, set `pd.set_option('future.no_silent_downcasting', True)`\n",
      "  df[\"Species\"].replace({\"Iris-setosa\": 0, \"Iris-versicolor\": 1, \"Iris-virginica\": 2}, inplace=True)\n"
     ]
    },
    {
     "data": {
      "text/html": [
       "<div>\n",
       "<style scoped>\n",
       "    .dataframe tbody tr th:only-of-type {\n",
       "        vertical-align: middle;\n",
       "    }\n",
       "\n",
       "    .dataframe tbody tr th {\n",
       "        vertical-align: top;\n",
       "    }\n",
       "\n",
       "    .dataframe thead th {\n",
       "        text-align: right;\n",
       "    }\n",
       "</style>\n",
       "<table border=\"1\" class=\"dataframe\">\n",
       "  <thead>\n",
       "    <tr style=\"text-align: right;\">\n",
       "      <th></th>\n",
       "      <th>SepalLengthCm</th>\n",
       "      <th>SepalWidthCm</th>\n",
       "      <th>PetalLengthCm</th>\n",
       "      <th>PetalWidthCm</th>\n",
       "      <th>Species</th>\n",
       "    </tr>\n",
       "  </thead>\n",
       "  <tbody>\n",
       "    <tr>\n",
       "      <th>0</th>\n",
       "      <td>5.1</td>\n",
       "      <td>3.5</td>\n",
       "      <td>1.4</td>\n",
       "      <td>0.2</td>\n",
       "      <td>0</td>\n",
       "    </tr>\n",
       "    <tr>\n",
       "      <th>1</th>\n",
       "      <td>4.9</td>\n",
       "      <td>3.0</td>\n",
       "      <td>1.4</td>\n",
       "      <td>0.2</td>\n",
       "      <td>0</td>\n",
       "    </tr>\n",
       "    <tr>\n",
       "      <th>2</th>\n",
       "      <td>4.7</td>\n",
       "      <td>3.2</td>\n",
       "      <td>1.3</td>\n",
       "      <td>0.2</td>\n",
       "      <td>0</td>\n",
       "    </tr>\n",
       "    <tr>\n",
       "      <th>3</th>\n",
       "      <td>4.6</td>\n",
       "      <td>3.1</td>\n",
       "      <td>1.5</td>\n",
       "      <td>0.2</td>\n",
       "      <td>0</td>\n",
       "    </tr>\n",
       "    <tr>\n",
       "      <th>4</th>\n",
       "      <td>5.0</td>\n",
       "      <td>3.6</td>\n",
       "      <td>1.4</td>\n",
       "      <td>0.2</td>\n",
       "      <td>0</td>\n",
       "    </tr>\n",
       "  </tbody>\n",
       "</table>\n",
       "</div>"
      ],
      "text/plain": [
       "   SepalLengthCm  SepalWidthCm  PetalLengthCm  PetalWidthCm  Species\n",
       "0            5.1           3.5            1.4           0.2        0\n",
       "1            4.9           3.0            1.4           0.2        0\n",
       "2            4.7           3.2            1.3           0.2        0\n",
       "3            4.6           3.1            1.5           0.2        0\n",
       "4            5.0           3.6            1.4           0.2        0"
      ]
     },
     "execution_count": 134,
     "metadata": {},
     "output_type": "execute_result"
    }
   ],
   "source": [
    "df.drop(\"Id\", axis=1, inplace=True)\n",
    "df[\"Species\"].replace({\"Iris-setosa\": 0, \"Iris-versicolor\": 1, \"Iris-virginica\": 2}, inplace=True)\n",
    "df.head()"
   ]
  },
  {
   "cell_type": "code",
   "execution_count": 135,
   "metadata": {},
   "outputs": [
    {
     "data": {
      "text/plain": [
       "array([0, 1, 2])"
      ]
     },
     "execution_count": 135,
     "metadata": {},
     "output_type": "execute_result"
    }
   ],
   "source": [
    "df[\"Species\"].unique()"
   ]
  },
  {
   "cell_type": "code",
   "execution_count": 136,
   "metadata": {},
   "outputs": [
    {
     "data": {
      "text/html": [
       "<div>\n",
       "<style scoped>\n",
       "    .dataframe tbody tr th:only-of-type {\n",
       "        vertical-align: middle;\n",
       "    }\n",
       "\n",
       "    .dataframe tbody tr th {\n",
       "        vertical-align: top;\n",
       "    }\n",
       "\n",
       "    .dataframe thead th {\n",
       "        text-align: right;\n",
       "    }\n",
       "</style>\n",
       "<table border=\"1\" class=\"dataframe\">\n",
       "  <thead>\n",
       "    <tr style=\"text-align: right;\">\n",
       "      <th></th>\n",
       "      <th>SepalLengthCm</th>\n",
       "      <th>SepalWidthCm</th>\n",
       "      <th>PetalLengthCm</th>\n",
       "      <th>PetalWidthCm</th>\n",
       "      <th>Class</th>\n",
       "    </tr>\n",
       "  </thead>\n",
       "  <tbody>\n",
       "    <tr>\n",
       "      <th>0</th>\n",
       "      <td>5.1</td>\n",
       "      <td>3.5</td>\n",
       "      <td>1.4</td>\n",
       "      <td>0.2</td>\n",
       "      <td>0</td>\n",
       "    </tr>\n",
       "    <tr>\n",
       "      <th>1</th>\n",
       "      <td>4.9</td>\n",
       "      <td>3.0</td>\n",
       "      <td>1.4</td>\n",
       "      <td>0.2</td>\n",
       "      <td>0</td>\n",
       "    </tr>\n",
       "    <tr>\n",
       "      <th>2</th>\n",
       "      <td>4.7</td>\n",
       "      <td>3.2</td>\n",
       "      <td>1.3</td>\n",
       "      <td>0.2</td>\n",
       "      <td>0</td>\n",
       "    </tr>\n",
       "    <tr>\n",
       "      <th>3</th>\n",
       "      <td>4.6</td>\n",
       "      <td>3.1</td>\n",
       "      <td>1.5</td>\n",
       "      <td>0.2</td>\n",
       "      <td>0</td>\n",
       "    </tr>\n",
       "    <tr>\n",
       "      <th>4</th>\n",
       "      <td>5.0</td>\n",
       "      <td>3.6</td>\n",
       "      <td>1.4</td>\n",
       "      <td>0.2</td>\n",
       "      <td>0</td>\n",
       "    </tr>\n",
       "  </tbody>\n",
       "</table>\n",
       "</div>"
      ],
      "text/plain": [
       "   SepalLengthCm  SepalWidthCm  PetalLengthCm  PetalWidthCm  Class\n",
       "0            5.1           3.5            1.4           0.2      0\n",
       "1            4.9           3.0            1.4           0.2      0\n",
       "2            4.7           3.2            1.3           0.2      0\n",
       "3            4.6           3.1            1.5           0.2      0\n",
       "4            5.0           3.6            1.4           0.2      0"
      ]
     },
     "execution_count": 136,
     "metadata": {},
     "output_type": "execute_result"
    }
   ],
   "source": [
    "df.columns = [\"SepalLengthCm\", \"SepalWidthCm\", \"PetalLengthCm\", \"PetalWidthCm\", \"Class\"]\n",
    "df.head()"
   ]
  },
  {
   "cell_type": "code",
   "execution_count": 137,
   "metadata": {},
   "outputs": [
    {
     "data": {
      "text/plain": [
       "array([0, 0, 0, 0, 0, 0, 0, 0, 0, 0, 0, 0, 0, 0, 0, 0, 0, 0, 0, 0, 0, 0,\n",
       "       0, 0, 0, 0, 0, 0, 0, 0, 0, 0, 0, 0, 0, 0, 0, 0, 0, 0, 0, 0, 0, 0,\n",
       "       0, 0, 0, 0, 0, 0, 1, 1, 1, 1, 1, 1, 1, 1, 1, 1, 1, 1, 1, 1, 1, 1,\n",
       "       1, 1, 1, 1, 1, 1, 1, 1, 1, 1, 1, 1, 1, 1, 1, 1, 1, 1, 1, 1, 1, 1,\n",
       "       1, 1, 1, 1, 1, 1, 1, 1, 1, 1, 1, 1, 2, 2, 2, 2, 2, 2, 2, 2, 2, 2,\n",
       "       2, 2, 2, 2, 2, 2, 2, 2, 2, 2, 2, 2, 2, 2, 2, 2, 2, 2, 2, 2, 2, 2,\n",
       "       2, 2, 2, 2, 2, 2, 2, 2, 2, 2, 2, 2, 2, 2, 2, 2, 2, 2])"
      ]
     },
     "execution_count": 137,
     "metadata": {},
     "output_type": "execute_result"
    }
   ],
   "source": [
    "labels = df[\"Class\"].values\n",
    "labels"
   ]
  },
  {
   "cell_type": "code",
   "execution_count": 138,
   "metadata": {},
   "outputs": [
    {
     "data": {
      "text/html": [
       "<div>\n",
       "<style scoped>\n",
       "    .dataframe tbody tr th:only-of-type {\n",
       "        vertical-align: middle;\n",
       "    }\n",
       "\n",
       "    .dataframe tbody tr th {\n",
       "        vertical-align: top;\n",
       "    }\n",
       "\n",
       "    .dataframe thead th {\n",
       "        text-align: right;\n",
       "    }\n",
       "</style>\n",
       "<table border=\"1\" class=\"dataframe\">\n",
       "  <thead>\n",
       "    <tr style=\"text-align: right;\">\n",
       "      <th></th>\n",
       "      <th>SepalLengthCm</th>\n",
       "      <th>SepalWidthCm</th>\n",
       "      <th>PetalLengthCm</th>\n",
       "      <th>PetalWidthCm</th>\n",
       "    </tr>\n",
       "  </thead>\n",
       "  <tbody>\n",
       "    <tr>\n",
       "      <th>0</th>\n",
       "      <td>5.1</td>\n",
       "      <td>3.5</td>\n",
       "      <td>1.4</td>\n",
       "      <td>0.2</td>\n",
       "    </tr>\n",
       "    <tr>\n",
       "      <th>1</th>\n",
       "      <td>4.9</td>\n",
       "      <td>3.0</td>\n",
       "      <td>1.4</td>\n",
       "      <td>0.2</td>\n",
       "    </tr>\n",
       "    <tr>\n",
       "      <th>2</th>\n",
       "      <td>4.7</td>\n",
       "      <td>3.2</td>\n",
       "      <td>1.3</td>\n",
       "      <td>0.2</td>\n",
       "    </tr>\n",
       "    <tr>\n",
       "      <th>3</th>\n",
       "      <td>4.6</td>\n",
       "      <td>3.1</td>\n",
       "      <td>1.5</td>\n",
       "      <td>0.2</td>\n",
       "    </tr>\n",
       "    <tr>\n",
       "      <th>4</th>\n",
       "      <td>5.0</td>\n",
       "      <td>3.6</td>\n",
       "      <td>1.4</td>\n",
       "      <td>0.2</td>\n",
       "    </tr>\n",
       "  </tbody>\n",
       "</table>\n",
       "</div>"
      ],
      "text/plain": [
       "   SepalLengthCm  SepalWidthCm  PetalLengthCm  PetalWidthCm\n",
       "0            5.1           3.5            1.4           0.2\n",
       "1            4.9           3.0            1.4           0.2\n",
       "2            4.7           3.2            1.3           0.2\n",
       "3            4.6           3.1            1.5           0.2\n",
       "4            5.0           3.6            1.4           0.2"
      ]
     },
     "execution_count": 138,
     "metadata": {},
     "output_type": "execute_result"
    }
   ],
   "source": [
    "df.drop(\"Class\", axis=1, inplace=True)\n",
    "df.head()"
   ]
  },
  {
   "cell_type": "code",
   "execution_count": 139,
   "metadata": {},
   "outputs": [
    {
     "data": {
      "text/plain": [
       "array([[5.1, 3.5, 1.4, 0.2],\n",
       "       [4.9, 3. , 1.4, 0.2],\n",
       "       [4.7, 3.2, 1.3, 0.2],\n",
       "       [4.6, 3.1, 1.5, 0.2],\n",
       "       [5. , 3.6, 1.4, 0.2],\n",
       "       [5.4, 3.9, 1.7, 0.4],\n",
       "       [4.6, 3.4, 1.4, 0.3],\n",
       "       [5. , 3.4, 1.5, 0.2],\n",
       "       [4.4, 2.9, 1.4, 0.2],\n",
       "       [4.9, 3.1, 1.5, 0.1],\n",
       "       [5.4, 3.7, 1.5, 0.2],\n",
       "       [4.8, 3.4, 1.6, 0.2],\n",
       "       [4.8, 3. , 1.4, 0.1],\n",
       "       [4.3, 3. , 1.1, 0.1],\n",
       "       [5.8, 4. , 1.2, 0.2],\n",
       "       [5.7, 4.4, 1.5, 0.4],\n",
       "       [5.4, 3.9, 1.3, 0.4],\n",
       "       [5.1, 3.5, 1.4, 0.3],\n",
       "       [5.7, 3.8, 1.7, 0.3],\n",
       "       [5.1, 3.8, 1.5, 0.3],\n",
       "       [5.4, 3.4, 1.7, 0.2],\n",
       "       [5.1, 3.7, 1.5, 0.4],\n",
       "       [4.6, 3.6, 1. , 0.2],\n",
       "       [5.1, 3.3, 1.7, 0.5],\n",
       "       [4.8, 3.4, 1.9, 0.2],\n",
       "       [5. , 3. , 1.6, 0.2],\n",
       "       [5. , 3.4, 1.6, 0.4],\n",
       "       [5.2, 3.5, 1.5, 0.2],\n",
       "       [5.2, 3.4, 1.4, 0.2],\n",
       "       [4.7, 3.2, 1.6, 0.2],\n",
       "       [4.8, 3.1, 1.6, 0.2],\n",
       "       [5.4, 3.4, 1.5, 0.4],\n",
       "       [5.2, 4.1, 1.5, 0.1],\n",
       "       [5.5, 4.2, 1.4, 0.2],\n",
       "       [4.9, 3.1, 1.5, 0.1],\n",
       "       [5. , 3.2, 1.2, 0.2],\n",
       "       [5.5, 3.5, 1.3, 0.2],\n",
       "       [4.9, 3.1, 1.5, 0.1],\n",
       "       [4.4, 3. , 1.3, 0.2],\n",
       "       [5.1, 3.4, 1.5, 0.2],\n",
       "       [5. , 3.5, 1.3, 0.3],\n",
       "       [4.5, 2.3, 1.3, 0.3],\n",
       "       [4.4, 3.2, 1.3, 0.2],\n",
       "       [5. , 3.5, 1.6, 0.6],\n",
       "       [5.1, 3.8, 1.9, 0.4],\n",
       "       [4.8, 3. , 1.4, 0.3],\n",
       "       [5.1, 3.8, 1.6, 0.2],\n",
       "       [4.6, 3.2, 1.4, 0.2],\n",
       "       [5.3, 3.7, 1.5, 0.2],\n",
       "       [5. , 3.3, 1.4, 0.2],\n",
       "       [7. , 3.2, 4.7, 1.4],\n",
       "       [6.4, 3.2, 4.5, 1.5],\n",
       "       [6.9, 3.1, 4.9, 1.5],\n",
       "       [5.5, 2.3, 4. , 1.3],\n",
       "       [6.5, 2.8, 4.6, 1.5],\n",
       "       [5.7, 2.8, 4.5, 1.3],\n",
       "       [6.3, 3.3, 4.7, 1.6],\n",
       "       [4.9, 2.4, 3.3, 1. ],\n",
       "       [6.6, 2.9, 4.6, 1.3],\n",
       "       [5.2, 2.7, 3.9, 1.4],\n",
       "       [5. , 2. , 3.5, 1. ],\n",
       "       [5.9, 3. , 4.2, 1.5],\n",
       "       [6. , 2.2, 4. , 1. ],\n",
       "       [6.1, 2.9, 4.7, 1.4],\n",
       "       [5.6, 2.9, 3.6, 1.3],\n",
       "       [6.7, 3.1, 4.4, 1.4],\n",
       "       [5.6, 3. , 4.5, 1.5],\n",
       "       [5.8, 2.7, 4.1, 1. ],\n",
       "       [6.2, 2.2, 4.5, 1.5],\n",
       "       [5.6, 2.5, 3.9, 1.1],\n",
       "       [5.9, 3.2, 4.8, 1.8],\n",
       "       [6.1, 2.8, 4. , 1.3],\n",
       "       [6.3, 2.5, 4.9, 1.5],\n",
       "       [6.1, 2.8, 4.7, 1.2],\n",
       "       [6.4, 2.9, 4.3, 1.3],\n",
       "       [6.6, 3. , 4.4, 1.4],\n",
       "       [6.8, 2.8, 4.8, 1.4],\n",
       "       [6.7, 3. , 5. , 1.7],\n",
       "       [6. , 2.9, 4.5, 1.5],\n",
       "       [5.7, 2.6, 3.5, 1. ],\n",
       "       [5.5, 2.4, 3.8, 1.1],\n",
       "       [5.5, 2.4, 3.7, 1. ],\n",
       "       [5.8, 2.7, 3.9, 1.2],\n",
       "       [6. , 2.7, 5.1, 1.6],\n",
       "       [5.4, 3. , 4.5, 1.5],\n",
       "       [6. , 3.4, 4.5, 1.6],\n",
       "       [6.7, 3.1, 4.7, 1.5],\n",
       "       [6.3, 2.3, 4.4, 1.3],\n",
       "       [5.6, 3. , 4.1, 1.3],\n",
       "       [5.5, 2.5, 4. , 1.3],\n",
       "       [5.5, 2.6, 4.4, 1.2],\n",
       "       [6.1, 3. , 4.6, 1.4],\n",
       "       [5.8, 2.6, 4. , 1.2],\n",
       "       [5. , 2.3, 3.3, 1. ],\n",
       "       [5.6, 2.7, 4.2, 1.3],\n",
       "       [5.7, 3. , 4.2, 1.2],\n",
       "       [5.7, 2.9, 4.2, 1.3],\n",
       "       [6.2, 2.9, 4.3, 1.3],\n",
       "       [5.1, 2.5, 3. , 1.1],\n",
       "       [5.7, 2.8, 4.1, 1.3],\n",
       "       [6.3, 3.3, 6. , 2.5],\n",
       "       [5.8, 2.7, 5.1, 1.9],\n",
       "       [7.1, 3. , 5.9, 2.1],\n",
       "       [6.3, 2.9, 5.6, 1.8],\n",
       "       [6.5, 3. , 5.8, 2.2],\n",
       "       [7.6, 3. , 6.6, 2.1],\n",
       "       [4.9, 2.5, 4.5, 1.7],\n",
       "       [7.3, 2.9, 6.3, 1.8],\n",
       "       [6.7, 2.5, 5.8, 1.8],\n",
       "       [7.2, 3.6, 6.1, 2.5],\n",
       "       [6.5, 3.2, 5.1, 2. ],\n",
       "       [6.4, 2.7, 5.3, 1.9],\n",
       "       [6.8, 3. , 5.5, 2.1],\n",
       "       [5.7, 2.5, 5. , 2. ],\n",
       "       [5.8, 2.8, 5.1, 2.4],\n",
       "       [6.4, 3.2, 5.3, 2.3],\n",
       "       [6.5, 3. , 5.5, 1.8],\n",
       "       [7.7, 3.8, 6.7, 2.2],\n",
       "       [7.7, 2.6, 6.9, 2.3],\n",
       "       [6. , 2.2, 5. , 1.5],\n",
       "       [6.9, 3.2, 5.7, 2.3],\n",
       "       [5.6, 2.8, 4.9, 2. ],\n",
       "       [7.7, 2.8, 6.7, 2. ],\n",
       "       [6.3, 2.7, 4.9, 1.8],\n",
       "       [6.7, 3.3, 5.7, 2.1],\n",
       "       [7.2, 3.2, 6. , 1.8],\n",
       "       [6.2, 2.8, 4.8, 1.8],\n",
       "       [6.1, 3. , 4.9, 1.8],\n",
       "       [6.4, 2.8, 5.6, 2.1],\n",
       "       [7.2, 3. , 5.8, 1.6],\n",
       "       [7.4, 2.8, 6.1, 1.9],\n",
       "       [7.9, 3.8, 6.4, 2. ],\n",
       "       [6.4, 2.8, 5.6, 2.2],\n",
       "       [6.3, 2.8, 5.1, 1.5],\n",
       "       [6.1, 2.6, 5.6, 1.4],\n",
       "       [7.7, 3. , 6.1, 2.3],\n",
       "       [6.3, 3.4, 5.6, 2.4],\n",
       "       [6.4, 3.1, 5.5, 1.8],\n",
       "       [6. , 3. , 4.8, 1.8],\n",
       "       [6.9, 3.1, 5.4, 2.1],\n",
       "       [6.7, 3.1, 5.6, 2.4],\n",
       "       [6.9, 3.1, 5.1, 2.3],\n",
       "       [5.8, 2.7, 5.1, 1.9],\n",
       "       [6.8, 3.2, 5.9, 2.3],\n",
       "       [6.7, 3.3, 5.7, 2.5],\n",
       "       [6.7, 3. , 5.2, 2.3],\n",
       "       [6.3, 2.5, 5. , 1.9],\n",
       "       [6.5, 3. , 5.2, 2. ],\n",
       "       [6.2, 3.4, 5.4, 2.3],\n",
       "       [5.9, 3. , 5.1, 1.8]])"
      ]
     },
     "execution_count": 139,
     "metadata": {},
     "output_type": "execute_result"
    }
   ],
   "source": [
    "dados = df.to_numpy()\n",
    "dados"
   ]
  },
  {
   "cell_type": "code",
   "execution_count": 140,
   "metadata": {},
   "outputs": [
    {
     "data": {
      "text/plain": [
       "array([0, 0, 0, 0, 0, 0, 0, 0, 0, 0, 0, 0, 0, 0, 0, 0, 0, 0, 0, 0, 0, 0,\n",
       "       0, 0, 0, 0, 0, 0, 0, 0, 0, 0, 0, 0, 0, 0, 0, 0, 0, 0, 0, 0, 0, 0,\n",
       "       0, 0, 0, 0, 0, 0, 1, 1, 1, 1, 1, 1, 1, 1, 1, 1, 1, 1, 1, 1, 1, 1,\n",
       "       1, 1, 1, 1, 1, 1, 1, 1, 1, 1, 1, 1, 1, 1, 1, 1, 1, 1, 1, 1, 1, 1,\n",
       "       1, 1, 1, 1, 1, 1, 1, 1, 1, 1, 1, 1, 2, 2, 2, 2, 2, 2, 2, 2, 2, 2,\n",
       "       2, 2, 2, 2, 2, 2, 2, 2, 2, 2, 2, 2, 2, 2, 2, 2, 2, 2, 2, 2, 2, 2,\n",
       "       2, 2, 2, 2, 2, 2, 2, 2, 2, 2, 2, 2, 2, 2, 2, 2, 2, 2])"
      ]
     },
     "execution_count": 140,
     "metadata": {},
     "output_type": "execute_result"
    }
   ],
   "source": [
    "labels"
   ]
  },
  {
   "cell_type": "code",
   "execution_count": 145,
   "metadata": {},
   "outputs": [
    {
     "data": {
      "text/plain": [
       "array([[1., 0., 0.],\n",
       "       [1., 0., 0.],\n",
       "       [1., 0., 0.],\n",
       "       [1., 0., 0.],\n",
       "       [1., 0., 0.],\n",
       "       [1., 0., 0.],\n",
       "       [1., 0., 0.],\n",
       "       [1., 0., 0.],\n",
       "       [1., 0., 0.],\n",
       "       [1., 0., 0.],\n",
       "       [1., 0., 0.],\n",
       "       [1., 0., 0.],\n",
       "       [1., 0., 0.],\n",
       "       [1., 0., 0.],\n",
       "       [1., 0., 0.],\n",
       "       [1., 0., 0.],\n",
       "       [1., 0., 0.],\n",
       "       [1., 0., 0.],\n",
       "       [1., 0., 0.],\n",
       "       [1., 0., 0.],\n",
       "       [1., 0., 0.],\n",
       "       [1., 0., 0.],\n",
       "       [1., 0., 0.],\n",
       "       [1., 0., 0.],\n",
       "       [1., 0., 0.],\n",
       "       [1., 0., 0.],\n",
       "       [1., 0., 0.],\n",
       "       [1., 0., 0.],\n",
       "       [1., 0., 0.],\n",
       "       [1., 0., 0.],\n",
       "       [1., 0., 0.],\n",
       "       [1., 0., 0.],\n",
       "       [1., 0., 0.],\n",
       "       [1., 0., 0.],\n",
       "       [1., 0., 0.],\n",
       "       [1., 0., 0.],\n",
       "       [1., 0., 0.],\n",
       "       [1., 0., 0.],\n",
       "       [1., 0., 0.],\n",
       "       [1., 0., 0.],\n",
       "       [1., 0., 0.],\n",
       "       [1., 0., 0.],\n",
       "       [1., 0., 0.],\n",
       "       [1., 0., 0.],\n",
       "       [1., 0., 0.],\n",
       "       [1., 0., 0.],\n",
       "       [1., 0., 0.],\n",
       "       [1., 0., 0.],\n",
       "       [1., 0., 0.],\n",
       "       [1., 0., 0.],\n",
       "       [0., 1., 0.],\n",
       "       [0., 1., 0.],\n",
       "       [0., 1., 0.],\n",
       "       [0., 1., 0.],\n",
       "       [0., 1., 0.],\n",
       "       [0., 1., 0.],\n",
       "       [0., 1., 0.],\n",
       "       [0., 1., 0.],\n",
       "       [0., 1., 0.],\n",
       "       [0., 1., 0.],\n",
       "       [0., 1., 0.],\n",
       "       [0., 1., 0.],\n",
       "       [0., 1., 0.],\n",
       "       [0., 1., 0.],\n",
       "       [0., 1., 0.],\n",
       "       [0., 1., 0.],\n",
       "       [0., 1., 0.],\n",
       "       [0., 1., 0.],\n",
       "       [0., 1., 0.],\n",
       "       [0., 1., 0.],\n",
       "       [0., 1., 0.],\n",
       "       [0., 1., 0.],\n",
       "       [0., 1., 0.],\n",
       "       [0., 1., 0.],\n",
       "       [0., 1., 0.],\n",
       "       [0., 1., 0.],\n",
       "       [0., 1., 0.],\n",
       "       [0., 1., 0.],\n",
       "       [0., 1., 0.],\n",
       "       [0., 1., 0.],\n",
       "       [0., 1., 0.],\n",
       "       [0., 1., 0.],\n",
       "       [0., 1., 0.],\n",
       "       [0., 1., 0.],\n",
       "       [0., 1., 0.],\n",
       "       [0., 1., 0.],\n",
       "       [0., 1., 0.],\n",
       "       [0., 1., 0.],\n",
       "       [0., 1., 0.],\n",
       "       [0., 1., 0.],\n",
       "       [0., 1., 0.],\n",
       "       [0., 1., 0.],\n",
       "       [0., 1., 0.],\n",
       "       [0., 1., 0.],\n",
       "       [0., 1., 0.],\n",
       "       [0., 1., 0.],\n",
       "       [0., 1., 0.],\n",
       "       [0., 1., 0.],\n",
       "       [0., 1., 0.],\n",
       "       [0., 1., 0.],\n",
       "       [0., 0., 1.],\n",
       "       [0., 0., 1.],\n",
       "       [0., 0., 1.],\n",
       "       [0., 0., 1.],\n",
       "       [0., 0., 1.],\n",
       "       [0., 0., 1.],\n",
       "       [0., 0., 1.],\n",
       "       [0., 0., 1.],\n",
       "       [0., 0., 1.],\n",
       "       [0., 0., 1.],\n",
       "       [0., 0., 1.],\n",
       "       [0., 0., 1.],\n",
       "       [0., 0., 1.],\n",
       "       [0., 0., 1.],\n",
       "       [0., 0., 1.],\n",
       "       [0., 0., 1.],\n",
       "       [0., 0., 1.],\n",
       "       [0., 0., 1.],\n",
       "       [0., 0., 1.],\n",
       "       [0., 0., 1.],\n",
       "       [0., 0., 1.],\n",
       "       [0., 0., 1.],\n",
       "       [0., 0., 1.],\n",
       "       [0., 0., 1.],\n",
       "       [0., 0., 1.],\n",
       "       [0., 0., 1.],\n",
       "       [0., 0., 1.],\n",
       "       [0., 0., 1.],\n",
       "       [0., 0., 1.],\n",
       "       [0., 0., 1.],\n",
       "       [0., 0., 1.],\n",
       "       [0., 0., 1.],\n",
       "       [0., 0., 1.],\n",
       "       [0., 0., 1.],\n",
       "       [0., 0., 1.],\n",
       "       [0., 0., 1.],\n",
       "       [0., 0., 1.],\n",
       "       [0., 0., 1.],\n",
       "       [0., 0., 1.],\n",
       "       [0., 0., 1.],\n",
       "       [0., 0., 1.],\n",
       "       [0., 0., 1.],\n",
       "       [0., 0., 1.],\n",
       "       [0., 0., 1.],\n",
       "       [0., 0., 1.],\n",
       "       [0., 0., 1.],\n",
       "       [0., 0., 1.],\n",
       "       [0., 0., 1.],\n",
       "       [0., 0., 1.],\n",
       "       [0., 0., 1.]])"
      ]
     },
     "execution_count": 145,
     "metadata": {},
     "output_type": "execute_result"
    }
   ],
   "source": [
    "def crisp_to_fuzzy(y, n_clusters):\n",
    "    fuzzy_labels = np.zeros((len(y), n_clusters))\n",
    "    for i, label in enumerate(y):\n",
    "        fuzzy_labels[i, label] = 1\n",
    "    return fuzzy_labels\n",
    "\n",
    "part_dif = crisp_to_fuzzy(labels, 3)\n",
    "part_dif"
   ]
  },
  {
   "cell_type": "code",
   "execution_count": 142,
   "metadata": {},
   "outputs": [],
   "source": [
    "def inicializao_matriz_pertinencia(num_amostras, num_clusters):\n",
    "    matriz_pertinencia = np.random.rand(num_amostras, num_clusters) # gera uma matriz inicial aleatória com valores entre 0 e 1\n",
    "    matriz_pertinencia = matriz_pertinencia / matriz_pertinencia.sum(axis=1, keepdims=True) # normalização da matriz pra garantir que a soma dos graus dê um\n",
    "    return matriz_pertinencia\n",
    "\n",
    "\n",
    "def atualizacao_centroides(dados, matriz_pertinencia, m):\n",
    "    matriz_pertinencia_m = matriz_pertinencia ** m # preparação dos graus de pertinência\n",
    "    centroides = np.dot(matriz_pertinencia_m.T, dados) / np.sum(matriz_pertinencia_m.T, axis=1, keepdims=True) # fórmula para o cálculo dos centroides\n",
    "    return centroides\n",
    "\n",
    "\n",
    "def atualizacao_matriz_pertinencia(dados, centroides, m): # talvez a fórmula para calcular a matriz de pertinência esteja errada\n",
    "    # dados[:, np.newaxis] - centroides cria uma matriz de diferenças entre os pontos de dados e os centroides\n",
    "    # np.linalg.norm(..., axis=2) calcula a norma (distância euclidiana) das diferenças\n",
    "    # ** 2 para a distância ser a quadrada\n",
    "    matriz_distancias = np.linalg.norm(dados[:, np.newaxis] - centroides, axis=2) ** 2\n",
    "    matriz_distancias = np.fmax(matriz_distancias, np.finfo(np.float64).eps) # evita que matriz_distancias seja 0, np.finfo... é o menor número maior que zero aaqui\n",
    "    matriz_distancias_inversa = 1 / matriz_distancias\n",
    "    potencia = 1 / (m-1)\n",
    "    matriz_pertinencia_atualizada = matriz_distancias_inversa ** potencia/ np.sum(matriz_distancias_inversa ** potencia, axis=1, keepdims=True) # fórmula para atualizar os graus de pertinência\n",
    "    return matriz_pertinencia_atualizada\n",
    "\n",
    "\n",
    "def fcm(dados, num_clusters, m=2, max_iter=1000, erro=1e-5):\n",
    "    num_amostras = dados.shape[0]\n",
    "    matriz_pertinencia = inicializao_matriz_pertinencia(num_amostras, num_clusters)\n",
    "    for _ in range(max_iter): # primeiro critério de parada\n",
    "        centroides = atualizacao_centroides(dados, matriz_pertinencia, m)\n",
    "        nova_matriz_pertinencia = atualizacao_matriz_pertinencia(dados, centroides, m)\n",
    "        if np.linalg.norm(nova_matriz_pertinencia - matriz_pertinencia) < erro: # segundo critério de parada\n",
    "            break\n",
    "        matriz_pertinencia = nova_matriz_pertinencia\n",
    "    return centroides, matriz_pertinencia\n",
    "\n",
    "\n",
    "def pertinence_distance(delta_k, delta_k_prime):\n",
    "    # c é o número de clusters\n",
    "    c = delta_k.shape[0]\n",
    "    # Calcula a distância entre δ_k e δ_k'\n",
    "    return (1/c) * np.sum((delta_k - delta_k_prime) ** 2)\n",
    "\n",
    "\n",
    "def fuzzy_rand_index(fuzzy_partition1, fuzzy_partition2):\n",
    "\n",
    "    n = fuzzy_partition1.shape[0]\n",
    "    c = fuzzy_partition1.shape[1]  # Número de clusters\n",
    "    total_sum = 0\n",
    "\n",
    "    for k in range(n):\n",
    "        for k_prime in range(n):\n",
    "            if k != k_prime:\n",
    "                # Calcula a métrica para P\n",
    "                delta_k = fuzzy_partition1[k]\n",
    "                delta_k_prime = fuzzy_partition1[k_prime]\n",
    "                EP = 1 - pertinence_distance(delta_k, delta_k_prime)\n",
    "                \n",
    "                # Calcula a métrica para Q\n",
    "                delta_k_Q = fuzzy_partition2[k]\n",
    "                delta_k_prime_Q = fuzzy_partition2[k_prime]\n",
    "                EQ = 1 - pertinence_distance(delta_k_Q, delta_k_prime_Q)\n",
    "                \n",
    "                # Soma a diferença absoluta entre EP e EQ\n",
    "                total_sum += np.abs(EP - EQ)\n",
    "    \n",
    "    # Denominador normalizado para pares de objetos\n",
    "    denominator = n * (n - 1) / 2\n",
    "    if denominator == 0:\n",
    "        raise ValueError(\"O denominador do índice de Rand é zero, o que não é permitido.\")\n",
    "    \n",
    "    return 1 - (total_sum / denominator)\n",
    "\n",
    "\n",
    "def experimento_monte_carlo(dados, part_dif, num_clusters, num_trials):\n",
    "    indices_rand = []\n",
    "    for _ in range(num_trials):\n",
    "        print(_)\n",
    "        centroides, matriz_pertinencia = fcm(dados, num_clusters)\n",
    "        print(\"part_dif\")\n",
    "        print(part_dif)\n",
    "        print(\"matriz_pertinencia\")\n",
    "        print(matriz_pertinencia)\n",
    "        idx_rand = fuzzy_rand_index(part_dif, matriz_pertinencia)\n",
    "        indices_rand.append(idx_rand)\n",
    "        if _ == (num_trials - 1):\n",
    "            print(matriz_pertinencia)\n",
    "    mean_rand_index = np.mean(indices_rand)\n",
    "    std_rand_index = np.std(indices_rand)\n",
    "    return mean_rand_index, std_rand_index"
   ]
  },
  {
   "cell_type": "code",
   "execution_count": 143,
   "metadata": {},
   "outputs": [
    {
     "name": "stdout",
     "output_type": "stream",
     "text": [
      "0\n",
      "part_dif\n",
      "[0 0 0 0 0 0 0 0 0 0 0 0 0 0 0 0 0 0 0 0 0 0 0 0 0 0 0 0 0 0 0 0 0 0 0 0 0\n",
      " 0 0 0 0 0 0 0 0 0 0 0 0 0 1 1 1 1 1 1 1 1 1 1 1 1 1 1 1 1 1 1 1 1 1 1 1 1\n",
      " 1 1 1 1 1 1 1 1 1 1 1 1 1 1 1 1 1 1 1 1 1 1 1 1 1 1 2 2 2 2 2 2 2 2 2 2 2\n",
      " 2 2 2 2 2 2 2 2 2 2 2 2 2 2 2 2 2 2 2 2 2 2 2 2 2 2 2 2 2 2 2 2 2 2 2 2 2\n",
      " 2 2]\n",
      "matriz_pertinencia\n",
      "[[9.96335999e-01 2.50055048e-03 1.16345009e-03]\n",
      " [9.76957377e-01 1.58869614e-02 7.15566174e-03]\n",
      " [9.80312231e-01 1.34271952e-02 6.26057373e-03]\n",
      " [9.68317130e-01 2.18503436e-02 9.83252647e-03]\n",
      " [9.93927315e-01 4.13095863e-03 1.94172671e-03]\n",
      " [9.33150588e-01 4.57794914e-02 2.10699206e-02]\n",
      " [9.79490194e-01 1.40041822e-02 6.50562359e-03]\n",
      " [9.99610775e-01 2.67816983e-04 1.21407772e-04]\n",
      " [9.31566295e-01 4.69021988e-02 2.15315061e-02]\n",
      " [9.83692918e-01 1.12648598e-02 5.04222226e-03]\n",
      " [9.67218179e-01 2.23169765e-02 1.04648450e-02]\n",
      " [9.92281760e-01 5.33164337e-03 2.38659675e-03]\n",
      " [9.71751185e-01 1.94179822e-02 8.83083238e-03]\n",
      " [9.23706485e-01 5.12964623e-02 2.49970526e-02]\n",
      " [8.88407329e-01 7.34975411e-02 3.80951298e-02]\n",
      " [8.39287354e-01 1.05699915e-01 5.50127308e-02]\n",
      " [9.45522498e-01 3.65182539e-02 1.79592485e-02]\n",
      " [9.96307531e-01 2.52438345e-03 1.16808582e-03]\n",
      " [9.03074701e-01 6.62797982e-02 3.06455005e-02]\n",
      " [9.78070490e-01 1.49176663e-02 7.01184377e-03]\n",
      " [9.68760060e-01 2.17460190e-02 9.49392083e-03]\n",
      " [9.83903113e-01 1.10086939e-02 5.08819312e-03]\n",
      " [9.58133029e-01 2.78573659e-02 1.40096048e-02]\n",
      " [9.79783408e-01 1.42102077e-02 6.00638456e-03]\n",
      " [9.67274051e-01 2.29922061e-02 9.73374248e-03]\n",
      " [9.74908943e-01 1.75212389e-02 7.56981842e-03]\n",
      " [9.94862115e-01 3.56954459e-03 1.56834006e-03]\n",
      " [9.93093188e-01 4.73986629e-03 2.16694549e-03]\n",
      " [9.93660650e-01 4.33835700e-03 2.00099313e-03]\n",
      " [9.80242760e-01 1.36968514e-02 6.06038861e-03]\n",
      " [9.79755232e-01 1.40833074e-02 6.16146088e-03]\n",
      " [9.74277563e-01 1.77553451e-02 7.96709142e-03]\n",
      " [9.36932538e-01 4.22066871e-02 2.08607754e-02]\n",
      " [9.02393464e-01 6.46566447e-02 3.29498914e-02]\n",
      " [9.83692918e-01 1.12648598e-02 5.04222226e-03]\n",
      " [9.85407621e-01 9.91931559e-03 4.67306325e-03]\n",
      " [9.63830317e-01 2.44903133e-02 1.16793700e-02]\n",
      " [9.83692918e-01 1.12648598e-02 5.04222226e-03]\n",
      " [9.40578377e-01 4.04722912e-02 1.89493316e-02]\n",
      " [9.98342598e-01 1.14080297e-03 5.16599388e-04]\n",
      " [9.94361126e-01 3.83297515e-03 1.80589892e-03]\n",
      " [8.52747639e-01 1.00886164e-01 4.63661972e-02]\n",
      " [9.53078145e-01 3.18605187e-02 1.50613366e-02]\n",
      " [9.78874609e-01 1.46689859e-02 6.45640530e-03]\n",
      " [9.44183843e-01 3.88841726e-02 1.69319846e-02]\n",
      " [9.73205648e-01 1.84902385e-02 8.30411321e-03]\n",
      " [9.75758380e-01 1.65476894e-02 7.69393085e-03]\n",
      " [9.74774395e-01 1.72725330e-02 7.95307195e-03]\n",
      " [9.76398689e-01 1.60792979e-02 7.52201281e-03]\n",
      " [9.97361210e-01 1.81006449e-03 8.28725861e-04]\n",
      " [4.46009098e-02 4.54438043e-01 5.00961047e-01]\n",
      " [2.91651287e-02 7.64235632e-01 2.06599239e-01]\n",
      " [3.12909859e-02 3.68964691e-01 5.99744323e-01]\n",
      " [4.95659795e-02 8.69933617e-01 8.05004034e-02]\n",
      " [2.41227576e-02 7.58966378e-01 2.16910864e-01]\n",
      " [5.75380006e-03 9.73777995e-01 2.04682048e-02]\n",
      " [2.97970150e-02 6.73269920e-01 2.96933065e-01]\n",
      " [2.86425443e-01 5.81447183e-01 1.32127374e-01]\n",
      " [3.12557977e-02 7.21220573e-01 2.47523629e-01]\n",
      " [7.50155363e-02 8.30242306e-01 9.47421577e-02]\n",
      " [2.19465582e-01 6.35610751e-01 1.44923667e-01]\n",
      " [9.19907828e-03 9.62071252e-01 2.87296701e-02]\n",
      " [5.58560744e-02 8.42997105e-01 1.01146820e-01]\n",
      " [1.21090407e-02 8.99834153e-01 8.80568066e-02]\n",
      " [9.19261707e-02 8.15858804e-01 9.22150249e-02]\n",
      " [4.17423259e-02 6.90046044e-01 2.68211630e-01]\n",
      " [1.41717288e-02 9.33173347e-01 5.26549243e-02]\n",
      " [2.59969079e-02 9.25582155e-01 4.84209372e-02]\n",
      " [2.72058354e-02 8.35432742e-01 1.37361423e-01]\n",
      " [5.17890951e-02 8.77381617e-01 7.08292874e-02]\n",
      " [2.76212092e-02 7.21867126e-01 2.50511665e-01]\n",
      " [1.95475071e-02 9.34202509e-01 4.62499837e-02]\n",
      " [2.39996326e-02 7.05656002e-01 2.70344366e-01]\n",
      " [1.39397194e-02 9.02858264e-01 8.32020162e-02]\n",
      " [2.29246245e-02 8.75991130e-01 1.01084246e-01]\n",
      " [3.39609959e-02 7.54946544e-01 2.11092460e-01]\n",
      " [3.36411052e-02 5.23887560e-01 4.42471334e-01]\n",
      " [2.12081629e-02 3.06586131e-01 6.72205707e-01]\n",
      " [4.92667686e-03 9.68980853e-01 2.60924703e-02]\n",
      " [1.28854976e-01 7.66488690e-01 1.04656334e-01]\n",
      " [7.81594925e-02 8.31910624e-01 8.99298830e-02]\n",
      " [1.04258229e-01 7.94980760e-01 1.00761012e-01]\n",
      " [3.11094216e-02 9.18527867e-01 5.03627111e-02]\n",
      " [2.39942724e-02 6.56565339e-01 3.19440388e-01]\n",
      " [2.64262121e-02 8.91125154e-01 8.24486341e-02]\n",
      " [3.21399091e-02 7.97307387e-01 1.70552704e-01]\n",
      " [3.34724398e-02 5.55674837e-01 4.10852723e-01]\n",
      " [2.69272630e-02 8.57644520e-01 1.15428217e-01]\n",
      " [2.41625136e-02 9.28810306e-01 4.70271804e-02]\n",
      " [3.83458652e-02 8.99209856e-01 6.24442790e-02]\n",
      " [1.97038481e-02 9.31022255e-01 4.92738971e-02]\n",
      " [1.16100668e-02 9.15822350e-01 7.25675835e-02]\n",
      " [2.26201702e-02 9.35530405e-01 4.18494250e-02]\n",
      " [2.70178859e-01 5.97255049e-01 1.32566091e-01]\n",
      " [1.27409144e-02 9.58758176e-01 2.85009095e-02]\n",
      " [1.68316871e-02 9.45460224e-01 3.77080889e-02]\n",
      " [9.61457970e-03 9.67332608e-01 2.30528124e-02]\n",
      " [1.14135649e-02 9.43918178e-01 4.46682570e-02]\n",
      " [3.56846161e-01 5.18887756e-01 1.24266082e-01]\n",
      " [1.27486898e-02 9.60457101e-01 2.67942090e-02]\n",
      " [1.93627559e-02 1.20761875e-01 8.59875369e-01]\n",
      " [2.93281985e-02 6.15775132e-01 3.54896670e-01]\n",
      " [6.07254707e-03 3.81224671e-02 9.55804986e-01]\n",
      " [1.25421971e-02 1.42081610e-01 8.45376193e-01]\n",
